ksize = 31
The number of contigs is 12086
The maximum contig length is 3827
The mean contig length is 200.52953830878704
The total length of the genome assembly across the contigs is 2423600
The mean depth of coverage for the contigs is 36.74994750827408
The N50 values is 265
#Contig length 	 Number of contigs in this category
0	3426
100	6204
200	755
300	465
400	308
500	221
600	164
700	125
800	92
900	54
1000	45
1100	39
1200	37
1300	33
1400	20
1500	13
1600	12
1700	14
1800	14
1900	6
2000	6
2100	8
2200	6
2300	5
2400	0
2500	4
2600	0
2700	2
2800	3
2900	2
3000	0
3100	1
3200	0
3300	1
3400	0
3500	0
3600	0
3700	0
3800	1

ksize = 41
The number of contigs is 5401
The maximum contig length is 7451
The mean contig length is 333.0990557304203
The total length of the genome assembly across the contigs is 1799068
The mean depth of coverage for the contigs is 37.216253568228296
The N50 values is 790
#Contig length 	 Number of contigs in this category
0	2063
100	1561
200	445
300	270
400	173
500	134
600	119
700	92
800	84
900	62
1000	49
1100	39
1200	32
1300	32
1400	33
1500	28
1600	18
1700	17
1800	14
1900	22
2000	8
2100	5
2200	11
2300	4
2400	6
2500	11
2600	10
2700	2
2800	4
2900	1
3000	2
3100	5
3200	5
3300	6
3400	5
3500	3
3600	4
3700	0
3800	3
3900	1
4000	2
4100	1
4200	1
4300	0
4400	2
4500	0
4600	0
4700	2
4800	0
4900	1
5000	0
5100	0
5200	2
5300	0
5400	0
5500	0
5600	1
5700	0
5800	2
5900	0
6000	0
6100	0
6200	0
6300	0
6400	0
6500	0
6600	0
6700	1
6800	0
6900	0
7000	1
7100	1
7200	0
7300	0
7400	1

ksize = 49 
The number of contigs is 3198
The maximum contig length is 6320
The mean contig length is 503.94871794871796
The total length of the genome assembly across the contigs is 1611628
The mean depth of coverage for the contigs is 40.43186428298927
The N50 values is 1081
#Contig length 	 Number of contigs in this category
0	860
100	576
200	396
300	255
400	180
500	137
600	101
700	88
800	76
900	60
1000	49
1100	52
1200	47
1300	42
1400	38
1500	25
1600	25
1700	20
1800	17
1900	32
2000	8
2100	12
2200	7
2300	11
2400	6
2500	19
2600	2
2700	4
2800	5
2900	2
3000	6
3100	3
3200	4
3300	6
3400	4
3500	1
3600	1
3700	1
3800	2
3900	4
4000	1
4100	0
4200	1
4300	3
4400	2
4500	0
4600	1
4700	3
4800	0
4900	0
5000	1
5100	0
5200	0
5300	0
5400	0
5500	0
5600	0
5700	0
5800	0
5900	1
6000	0
6100	0
6200	0
6300	1

ksize = 49 cutoff20
The number of contigs is 709
The maximum contig length is 10467
The mean contig length is 871.2425952045133
The total length of the genome assembly across the contigs is 617711
The mean depth of coverage for the contigs is 93.09425266854726
The N50 values is 1822
#Contig length 	 Number of contigs in this category
0	36
100	177
200	91
300	51
400	41
500	30
600	21
700	22
800	20
900	21
1000	6
1100	20
1200	14
1300	14
1400	10
1500	15
1600	5
1700	11
1800	7
1900	10
2000	7
2100	11
2200	1
2300	6
2400	6
2500	8
2600	0
2700	5
2800	4
2900	4
3000	1
3100	3
3200	2
3300	1
3400	5
3500	0
3600	1
3700	0
3800	2
3900	3
4000	2
4100	1
4200	1
4300	1
4400	2
4500	1
4600	0
4700	0
4800	1
4900	0
5000	0
5100	1
5200	1
5300	0
5400	1
5500	0
5600	0
5700	0
5800	0
5900	0
6000	0
6100	0
6200	1
6300	1
6400	0
6500	0
6600	0
6700	0
6800	0
6900	0
7000	0
7100	0
7200	1
7300	0
7400	0
7500	0
7600	0
7700	0
7800	0
7900	0
8000	0
8100	0
8200	0
8300	0
8400	0
8500	0
8600	0
8700	1
8800	0
8900	0
9000	0
9100	0
9200	0
9300	0
9400	0
9500	0
9600	0
9700	0
9800	0
9900	0
10000	0
10100	0
10200	0
10300	0
10400	1

ksize = 49 cutoff60
The number of contigs is 439
The maximum contig length is 7268
The mean contig length is 919.5125284738041
The total length of the genome assembly across the contigs is 403666
The mean depth of coverage for the contigs is 122.54612769476084
The N50 values is 1923
#Contig length 	 Number of contigs in this category
0	22
100	106
200	42
300	31
400	31
500	23
600	16
700	17
800	15
900	9
1000	5
1100	11
1200	13
1300	6
1400	6
1500	5
1600	3
1700	9
1800	6
1900	5
2000	2
2100	9
2200	1
2300	3
2400	4
2500	4
2600	1
2700	2
2800	2
2900	2
3000	0
3100	2
3200	3
3300	3
3400	2
3500	0
3600	2
3700	0
3800	1
3900	1
4000	1
4100	1
4200	1
4300	0
4400	2
4500	1
4600	0
4700	0
4800	1
4900	0
5000	1
5100	0
5200	1
5300	0
5400	1
5500	0
5600	0
5700	0
5800	0
5900	0
6000	0
6100	0
6200	2
6300	1
6400	0
6500	0
6600	0
6700	0
6800	0
6900	0
7000	0
7100	0
7200	1

ksize = 49 cutoff auto
The number of contigs is 1334
The maximum contig length is 10467
The mean contig length is 895.5877061469265
The total length of the genome assembly across the contigs is 1194714
The mean depth of coverage for the contigs is 58.66655150299846
The N50 values is 1783
#Contig length 	 Number of contigs in this category
0	56
100	276
200	184
300	103
400	89
500	58
600	45
700	45
800	41
900	37
1000	27
1100	30
1200	29
1300	36
1400	28
1500	20
1600	16
1700	16
1800	18
1900	21
2000	11
2100	19
2200	6
2300	10
2400	8
2500	13
2600	3
2700	6
2800	8
2900	8
3000	6
3100	6
3200	4
3300	4
3400	5
3500	1
3600	4
3700	0
3800	3
3900	2
4000	3
4100	1
4200	0
4300	3
4400	4
4500	2
4600	0
4700	2
4800	2
4900	0
5000	1
5100	1
5200	2
5300	0
5400	2
5500	0
5600	0
5700	0
5800	0
5900	1
6000	0
6100	0
6200	2
6300	1
6400	0
6500	0
6600	0
6700	0
6800	0
6900	0
7000	0
7100	0
7200	1
7300	0
7400	0
7500	0
7600	1
7700	0
7800	0
7900	1
8000	0
8100	0
8200	0
8300	0
8400	0
8500	0
8600	0
8700	1
8800	0
8900	0
9000	0
9100	0
9200	0
9300	0
9400	0
9500	0
9600	0
9700	0
9800	0
9900	0
10000	0
10100	0
10200	0
10300	0
10400	1

ksize = 49 min500bp results
The number of contigs is 626
The maximum contig length is 10467
The mean contig length is 1642.3833865814697
The total length of the genome assembly across the contigs is 1028132
The mean depth of coverage for the contigs is 49.659992853035185
The N50 values is 2013
#Contig length 	 Number of contigs in this category
0	0
100	0
200	0
300	0
400	0
500	58
600	45
700	45
800	41
900	37
1000	27
1100	30
1200	29
1300	36
1400	28
1500	20
1600	16
1700	16
1800	18
1900	21
2000	11
2100	19
2200	6
2300	10
2400	8
2500	13
2600	3
2700	6
2800	8
2900	8
3000	6
3100	6
3200	4
3300	4
3400	5
3500	1
3600	4
3700	0
3800	3
3900	2
4000	3
4100	1
4200	0
4300	3
4400	4
4500	2
4600	0
4700	2
4800	2
4900	0
5000	1
5100	1
5200	2
5300	0
5400	2
5500	0
5600	0
5700	0
5800	0
5900	1
6000	0
6100	0
6200	2
6300	1
6400	0
6500	0
6600	0
6700	0
6800	0
6900	0
7000	0
7100	0
7200	1
7300	0
7400	0
7500	0
7600	1
7700	0
7800	0
7900	1
8000	0
8100	0
8200	0
8300	0
8400	0
8500	0
8600	0
8700	1
8800	0
8900	0
9000	0
9100	0
9200	0
9300	0
9400	0
9500	0
9600	0
9700	0
9800	0
9900	0
10000	0
10100	0
10200	0
10300	0
10400	1
